pair: 0x03615af9bb8f983eb906b2017edd5701aea10c15
chain: bsc
model: lgb
n_train: 1143
n_val: 576
val_mae_ret: 3.23507779e-02
val_rmse_ret: 5.18388490e-02
val_smape_ret%: 165.171187
val_mae_price: 0.00000597
val_rmse_price: 0.00001104
val_mape_price%: 3.229181
relax: 4.0
no_quote_filter: True
count_sim: 60
top_k_exo: 10
sim_pools_used: 0x91e4b339d9add120f12e3884e007d8713cd5b70f
generated_utc: 2025-10-13T23:28:21.510321Z
