pair: 0x03615af9bb8f983eb906b2017edd5701aea10c15
chain: bsc
model: lgb
n_train: 1146
n_val: 576
val_mae_ret: 3.24103180e-02
val_rmse_ret: 5.26777069e-02
val_smape_ret%: 165.000195
val_mae_price: 0.00000596
val_rmse_price: 0.00001107
val_mape_price%: 3.221105
relax: 15.0
no_quote_filter: True
count_sim: 1500
top_k_exo: 150
sim_pools_used: 0x809ef7f598673413cb7cb0a3344ebdd1e32a05d6,0x03f83fdfb168e7a2a621691e4b15297b1917ab91,0xa02336ebf7bff71e1fc7b7115e6f8aca5cbe5ee2,0xefb30ed943479582fb657c26ce3feb165165d6e0,0x91e4b339d9add120f12e3884e007d8713cd5b70f
generated_utc: 2025-10-13T23:48:00.572516Z
