pair: 0x126fadb82cc4ab91e6cd03accaf209fb6d1ffaab
chain: bsc
model: lgb
n_train: 2014
n_val: 576
val_mae_ret: 1.67509092e-02
val_rmse_ret: 2.29164554e-02
val_smape_ret%: 151.730891
val_mae_price: 0.00064601
val_rmse_price: 0.00089680
val_mape_price%: 1.673096
relax: 4.0
no_quote_filter: True
count_sim: 60
top_k_exo: 10
sim_pools_used: 0x916f992df86795f24de6c268cfb9031fbb1155da,0x91e4b339d9add120f12e3884e007d8713cd5b70f,0x6531a0190c9977e48b3a5c8bc5226a6cd821d18c,0xa325b22090aa2d5528b01cc6974699da4b9cc875,0x90166b5795250fe7f0831e844121cc91799787e9,0x809ef7f598673413cb7cb0a3344ebdd1e32a05d6,0x8148751664e9a31ead5a0c70bef6ed70ea74d5b8
generated_utc: 2025-10-13T23:12:58.850499Z
