pair: 0xf0a949d3d93b833c183a27ee067165b6f2c9625e
chain: bsc
model: lgb
n_train: 2950
n_val: 576
val_mae_ret: 1.55823638e-02
val_rmse_ret: 2.05484278e-02
val_smape_ret%: 149.842990
val_mae_price: 0.00226080
val_rmse_price: 0.00309596
val_mape_price%: 1.551290
relax: 4.0
no_quote_filter: True
count_sim: 60
top_k_exo: 10
sim_pools_used: 0xee04b2a82bab9efefcd626f5d66f51cc2b6fa12a,0x90166b5795250fe7f0831e844121cc91799787e9,0x916f992df86795f24de6c268cfb9031fbb1155da,0xa325b22090aa2d5528b01cc6974699da4b9cc875,0x6531a0190c9977e48b3a5c8bc5226a6cd821d18c,0xd317b5480faf6ef228c502d9c4d0c04599c5b74b,0x91e4b339d9add120f12e3884e007d8713cd5b70f,0x809ef7f598673413cb7cb0a3344ebdd1e32a05d6
generated_utc: 2025-10-13T23:06:59.072428Z
