pair: 0xee2f63a49cb190962619183103d25af14ce5f538
chain: bsc
model: lgb
n_train: 567
n_val: 576
val_mae_ret: 2.70068596e-02
val_rmse_ret: 3.71208489e-02
val_smape_ret%: 150.017903
val_mae_price: 0.00042404
val_rmse_price: 0.00066506
val_mape_price%: 2.695440
relax: 15.0
no_quote_filter: True
count_sim: 1500
top_k_exo: 150
sim_pools_used: 0x91e4b339d9add120f12e3884e007d8713cd5b70f,0x90166b5795250fe7f0831e844121cc91799787e9,0x916f992df86795f24de6c268cfb9031fbb1155da,0x6531a0190c9977e48b3a5c8bc5226a6cd821d18c,0xa325b22090aa2d5528b01cc6974699da4b9cc875,0x086115804a49a9670ca390068c0ceef13566a512,0x4b78d2f996482062d13deec61ba35bea13c1fd45,0x809ef7f598673413cb7cb0a3344ebdd1e32a05d6,0xcfcd514ee737bde9179e814b88da85bd38d0407a,0xafecdd2fc04f0939d7b6835529677608470c063d
generated_utc: 2025-10-14T08:27:16.772034Z
