pair: 0xaead6bd31dd66eb3a6216aaf271d0e661585b0b1
chain: bsc
model: lgb
n_train: 5919
n_val: 1044
val_mae_ret: 7.36078677e-03
val_rmse_ret: 9.94310716e-03
val_smape_ret%: 149.065063
val_mae_price: 0.01050136
val_rmse_price: 0.01430954
val_mape_price%: 0.737796
relax: 15.0
no_quote_filter: True
count_sim: 1500
top_k_exo: 150
sim_pools_used: 0x7e58f160b5b77b8b24cd9900c09a3e730215ac47,0xb040ea24a4ef35a3ed400b0ff26d8b6f30deecad,0x30db6dfdb8817765797bd62316e41f5f4e431e93,0x7d98804119551f915a75ce278526ac7ee5077087,0x90166b5795250fe7f0831e844121cc91799787e9,0x8bfb0fb037b30562fdb7be3f71440575664ab74e,0x92b7807bf19b7dddf89b706143896d05228f3121,0xff87bda5270d2fbcc8b131dbd630996214861450,0xd317b5480faf6ef228c502d9c4d0c04599c5b74b,0x36696169c63e42cd08ce11f5deebbcebae652050
generated_utc: 2025-10-14T00:02:52.770729Z
